Wood Saw
Circular Saw
